There are 11 arguments. They are :
D:\Other_misc\Projects\ICP-demo\build\Debug\ICP_Demo_gold.exe
assets\T0.png
assets\T1.png
-corresThres
0.2
-pyramidLvls
3
-pyramidIters
4
5
10

Pyramid size 3
level0 size 307200
level1 size 76800
level2 size 19200

Pyramid level : 2

Pyramid resolutions : 160x120
Updated correspondence threshold : 0.1

Iteration : 0
Number of correspondence pairs : 13560

Filled matrix system JTJ | JTr :
3143.47 -983.081 -714.187 641.706 4035.93 206.538 | -70.1972
-983.081 3836.38 1419.55 -4294.57 -866.129 381.023 | 41.6635
-714.187 1419.55 5793.15 -1597.24 -1106.34 224.423 | 420.442
641.706 -4294.57 -1597.24 6039.52 646.834 -794.347 | -53.7354
4035.93 -866.129 -1106.34 646.834 6730.37 343.158 | -124.182
206.538 381.023 224.423 -794.347 343.158 901.182 | 10.1822
Calculated solution vector :
  0.00453547
   0.0291221
  -0.0756189
  0.00833729
  0.00629161
-0.000866754
Global correspondence error is : -572.489
Per pixel avg error is : -0.042219
Updated Eigen transform :
     0.99998  0.000892966   0.00628788   0.00431052
-0.000840511     0.999965  -0.00833987    0.0294351
 -0.00629511   0.00833441     0.999945   -0.0755104
           0            0            0            1

Iteration : 1
Number of correspondence pairs : 12016

Filled matrix system JTJ | JTr :
2760.06 -797.037 -549.725 495.175 3615.96 214.552 | -44.5482
-797.037 3291.52 1190.6 -3734.13 -721.848 374.981 | 2.64888
-549.725 1190.6 4755.42 -1219.31 -786.858 226.673 | 34.9385
495.175 -3734.13 -1219.31 5202.48 466.312 -769.475 | -10.5371
3615.96 -721.848 -786.858 466.313 6014.71 365.027 | -94.7241
214.552 374.981 226.673 -769.475 365.027 817.862 | -1.60096
Calculated solution vector :
 -0.0127331
  0.0450912
 -0.0816602
  0.0193025
  0.0321068
-0.00137358
Global correspondence error is : -26.9177
Per pixel avg error is : -0.00224016
Updated Eigen transform :
   0.999484  0.00168309    0.032086  -0.0140057
-0.00106343    0.999813    -0.01932   0.0458844
 -0.0321125   0.0192759    0.999298  -0.0810019
          0           0           0           1

Iteration : 2
Number of correspondence pairs : 12092

Filled matrix system JTJ | JTr :
2705.12 -780.761 -526.893 482.014 3529.76 220.114 | -46.3565
-780.761 3204.83 1172.88 -3623.65 -700.287 349.486 | 30.3862
-526.893 1172.88 4743.05 -1279.23 -817.197 218.273 | -92.2634
482.014 -3623.65 -1279.23 5088.03 490.794 -734.22 | -8.96845
3529.76 -700.287 -817.197 490.795 5897.95 374.371 | -64.3902
220.114 349.486 218.273 -734.22 374.371 798.64 | -4.75592
Calculated solution vector :
 -0.0189227
-0.00380951
 -0.0556154
-0.00909067
  0.0472221
 -0.0140724
Global correspondence error is : 135.498
Per pixel avg error is : 0.0112056
Updated Eigen transform :
   0.998786   0.0138519   0.0472663  -0.0202556
 -0.0142811     0.99986  0.00875467 -0.00392144
 -0.0471384 -0.00941906    0.998844    -0.05513
          0           0           0           1

Iteration : 3
Number of correspondence pairs : 13012

Filled matrix system JTJ | JTr :
2875.89 -865.655 -602.794 546.825 3722.64 239.276 | -16.3624
-865.655 3507.49 1292.07 -3968.51 -770.192 335.759 | -1.72907
-602.794 1292.07 5382.62 -1562.1 -969.338 223.367 | -35.4286
546.825 -3968.51 -1562.1 5698.85 593.535 -731.79 | -5.37363
3722.64 -770.192 -969.338 593.535 6248.77 385.189 | -18.0046
239.276 335.759 223.367 -731.79 385.189 849.151 | 1.55093
Calculated solution vector :
-0.00584535
 0.00841234
 -0.0476373
 0.00107266
  0.0441065
 -0.0159697
Global correspondence error is : 53.7644
Per pixel avg error is : 0.00413191
Updated Eigen transform :
     0.9989   0.0159875   0.0440818 -0.00682621
 -0.0159402    0.999872 -0.00142438  0.00848973
 -0.0440989 0.000720142    0.999027  -0.0474894
          0           0           0           1

Iteration : 4
Number of correspondence pairs : 13107

Filled matrix system JTJ | JTr :
2896.93 -865.039 -595.61 539.766 3770 247.359 | -15.8563
-865.039 3513.43 1295.61 -3985.09 -774.471 364.321 | 13.938
-595.61 1295.61 5413.64 -1558.03 -970.814 234.705 | -41.246
539.766 -3985.09 -1558.03 5723.71 578.997 -763.459 | -14.3181
3770 -774.471 -970.814 578.997 6328.03 405.947 | -17.7738
247.359 364.321 234.705 -763.459 405.947 853.572 | 0.183529
Calculated solution vector :
-0.000984868
  0.00362348
  -0.0376818
  0.00211371
   0.0448481
  -0.0177023
Global correspondence error is : 58.5224
Per pixel avg error is : 0.00446498
Updated Eigen transform :
   0.998838   0.0177428    0.044812 -0.00179694
  -0.017648    0.999841 -0.00250977  0.00367679
 -0.0448494  0.00171601    0.998992  -0.0376437
          0           0           0           1

Iteration : 5
Number of correspondence pairs : 13357

Filled matrix system JTJ | JTr :
2949.51 -885.771 -603.176 561.241 3837.15 239.755 | -7.13733
-885.771 3599.27 1329.36 -4083.45 -799.002 377.255 | 11.6626
-603.176 1329.36 5510.22 -1607.59 -1008.37 237.761 | -38.4836
561.241 -4083.45 -1607.59 5849.12 606.426 -781.764 | -14.6314
3837.15 -799.002 -1008.37 606.426 6433.67 396.566 | -4.49014
239.755 377.255 237.761 -781.764 396.566 880.62 | 1.76683
Calculated solution vector :
0.00340061
0.00145523
-0.0288654
0.00492264
 0.0437882
  -0.01932
Global correspondence error is : 52.6777
Per pixel avg error is : 0.00394383
Updated Eigen transform :
   0.998855   0.0194203   0.0437238  0.00278202
 -0.0192048    0.999801 -0.00534366  0.00149751
 -0.0438189  0.00449783    0.999029  -0.0289272
          0           0           0           1

Iteration : 6
Number of correspondence pairs : 13546

Filled matrix system JTJ | JTr :
2980.53 -905.442 -628.087 588.907 3885.06 233.323 | -2.42802
-905.442 3656.75 1341.57 -4142.57 -839.344 388.619 | 14.7512
-628.087 1341.57 5593.72 -1619.92 -1045.9 250.437 | -22.9193
588.907 -4142.57 -1619.92 5915.13 656.348 -787.657 | -14.79
3885.06 -839.344 -1045.9 656.348 6503.13 384.705 | -2.68212
233.323 388.619 250.437 -787.657 384.705 886.109 | 2.12642
Calculated solution vector :
-7.66721e-05
 -0.00743889
  -0.0231834
   0.0025492
   0.0463785
  -0.0219043
Global correspondence error is : 30.1036
Per pixel avg error is : 0.00222232
Updated Eigen transform :
    0.998685    0.0219538    0.0463302 -0.000695511
  -0.0218356     0.999757  -0.00305592  -0.00740398
   -0.046386   0.00204025     0.998922   -0.0231815
           0            0            0            1

Iteration : 7
Number of correspondence pairs : 13629

Filled matrix system JTJ | JTr :
3016.53 -919.115 -645.928 591.768 3933.72 249.971 | 1.12018
-919.115 3692.35 1354.51 -4193.31 -840.568 376.143 | 9.86633
-645.928 1354.51 5655.12 -1633.05 -1068.66 248.8 | -9.97843
591.768 -4193.31 -1633.05 6005.86 636.985 -776.733 | -13.3681
3933.72 -840.568 -1068.66 636.985 6578.3 411.1 | 2.54694
249.971 376.143 248.8 -776.733 411.1 884.874 | 2.53592
Calculated solution vector :
-0.00132542
-0.00976012
  -0.020531
 0.00379556
  0.0468314
 -0.0233038
Global correspondence error is : 14.5135
Per pixel avg error is : 0.0010649
Updated Eigen transform :
   0.998632    0.023382   0.0467657 -0.00191914
 -0.0232043    0.999721 -0.00433937 -0.00970112
 -0.0468541  0.00324827    0.998896  -0.0205091
          0           0           0           1

Iteration : 8
Number of correspondence pairs : 13588

Filled matrix system JTJ | JTr :
3019.54 -913.922 -640.57 588.078 3933.82 255.694 | -0.701514
-913.922 3679.95 1345.06 -4172.41 -829.622 364.913 | 11.0131
-640.57 1345.06 5646.51 -1624.23 -1036.09 241.543 | -3.80897
588.078 -4172.41 -1624.23 5962 633.779 -767.84 | -14.1294
3933.82 -829.622 -1036.09 633.779 6573.08 420.549 | -0.190182
255.694 364.913 241.543 -767.84 420.549 872.212 | 2.88456
Calculated solution vector :
-0.00232255
 -0.0124836
 -0.0189516
 0.00451076
  0.0474207
 -0.0253019
Global correspondence error is : 7.69486
Per pixel avg error is : 0.000566298
Updated Eigen transform :
   0.998556   0.0253965   0.0473406 -0.00292864
 -0.0251827     0.99967 -0.00510834  -0.0124064
 -0.0474547  0.00390881    0.998866   -0.018915
          0           0           0           1

Iteration : 9
Number of correspondence pairs : 13590

Filled matrix system JTJ | JTr :
3020.44 -904.69 -642.578 575.98 3935.39 264.57 | 1.29405
-904.69 3666.66 1354.78 -4160.29 -814.15 367.3 | 3.58604
-642.578 1354.78 5628.9 -1654.84 -1036.07 238.17 | -4.13573
575.98 -4160.29 -1654.84 5943.94 613.309 -776.71 | -6.49515
3935.39 -814.15 -1036.07 613.309 6571.59 433.466 | 1.97033
264.57 367.3 238.17 -776.71 433.466 876.434 | 1.32599
Calculated solution vector :
-0.00263732
 -0.0117583
 -0.0178773
 0.00639633
  0.0474184
 -0.0256042
Global correspondence error is : 9.20346
Per pixel avg error is : 0.000677223
Updated Eigen transform :
  0.998548  0.0257433  0.0473133 -0.0032104
  -0.02544   0.999652 -0.0070001 -0.0116626
 -0.047477 0.00578628   0.998856 -0.0178432
         0          0          0          1

Pyramid level : 1

Pyramid resolutions : 320x240
Updated correspondence threshold : 0.05

Iteration : 0
Number of correspondence pairs : 54014

Filled matrix system JTJ | JTr :
12069.8 -3516.78 -2431.2 2191.43 15790.1 1130.86 | -18.0234
-3516.78 14640.7 5327.63 -16585.7 -3133.04 1437.81 | 5.97942
-2431.2 5327.63 22347.5 -6471.06 -3886.97 941.604 | -25.1597
2191.43 -16585.7 -6471.06 23578.1 2298.26 -3034.82 | -0.861103
15790.1 -3133.04 -3886.97 2298.26 26418.9 1919.75 | -22.1967
1130.86 1437.81 941.604 -3034.82 1919.75 3491.94 | 2.28398
Calculated solution vector :
-0.00150217
 -0.0134152
 -0.0163624
 0.00530715
  0.0478011
  -0.027578
Global correspondence error is : 37.904
Per pixel avg error is : 0.000701745
Updated Eigen transform :
   0.998478   0.0276906   0.0477035 -0.00207749
  -0.027437    0.999606 -0.00596339  -0.0133458
 -0.0478498  0.00464547    0.998844  -0.0163528
          0           0           0           1

Iteration : 1
Number of correspondence pairs : 54015

Filled matrix system JTJ | JTr :
12061.8 -3528.01 -2434.92 2201.92 15780.4 1145.06 | -7.97884
-3528.01 14667.7 5299.24 -16637.2 -3135.85 1447.74 | -1.32165
-2434.92 5299.24 22360.6 -6469.85 -3933.2 933.926 | -4.28337
2201.92 -16637.2 -6469.85 23680.9 2292.62 -3051.96 | -3.48356
15780.4 -3135.85 -3933.2 2292.62 26407.5 1944.44 | -10.7722
1145.06 1447.74 933.926 -3051.96 1944.44 3497.55 | 2.73669
Calculated solution vector :
-0.00022672
 -0.0116002
 -0.0160626
 0.00659556
  0.0476457
 -0.0283729
Global correspondence error is : 10.3542
Per pixel avg error is : 0.000191692
Updated Eigen transform :
    0.998463    0.0285153    0.0475274 -0.000773793
  -0.0282011     0.999576  -0.00726788   -0.0115388
  -0.0477145   0.00591638     0.998844   -0.0160866
           0            0            0            1

Iteration : 2
Number of correspondence pairs : 54008

Filled matrix system JTJ | JTr :
12050.9 -3521.91 -2430.23 2197.12 15778.5 1141.1 | -10.0336
-3521.91 14667.6 5307.53 -16647.2 -3143.76 1464.9 | 4.25719
-2430.23 5307.53 22328.5 -6467.69 -3912.11 946.642 | -14.6133
2197.12 -16647.2 -6467.69 23690 2309.16 -3071.77 | -4.34237
15778.5 -3143.76 -3912.11 2309.16 26396.8 1943 | -12.5443
1141.1 1464.9 946.642 -3071.77 1943 3503.63 | 2.63082
Calculated solution vector :
0.00056433
-0.0118795
-0.0151549
0.00658475
 0.0478212
-0.0296417
Global correspondence error is : 21.0827
Per pixel avg error is : 0.000390362
Updated Eigen transform :
   0.998418   0.0297833    0.047698 2.56199e-05
 -0.0294684    0.999539 -0.00728979  -0.0118325
 -0.0478931  0.00587267    0.998835  -0.0151988
          0           0           0           1

Iteration : 3
Number of correspondence pairs : 53983

Filled matrix system JTJ | JTr :
12051.9 -3536.65 -2440.23 2230.99 15785 1129.87 | -5.86966
-3536.65 14645 5300.21 -16622.3 -3170.66 1460.09 | 2.79115
-2440.23 5300.21 22308.1 -6478.24 -3918.25 939.67 | -5.61365
2230.99 -16622.3 -6478.24 23652.2 2366.21 -3054.07 | -4.85994
15785 -3170.66 -3918.25 2366.21 26395.1 1931.49 | -8.71191
1129.87 1460.09 939.67 -3054.07 1931.49 3489.5 | 2.86968
Calculated solution vector :
0.000849592
 -0.0116557
 -0.0147421
 0.00688322
  0.0481061
 -0.0306717
Global correspondence error is : 10.3831
Per pixel avg error is : 0.00019234
Updated Eigen transform :
   0.998373   0.0308204   0.0479741 0.000315811
 -0.0304893    0.999506 -0.00761698  -0.0116124
 -0.0481852  0.00614188    0.998819   -0.014794
          0           0           0           1

Iteration : 4
Number of correspondence pairs : 53966

Filled matrix system JTJ | JTr :
12042.7 -3503.52 -2413.37 2182.72 15774.7 1145.19 | -4.98246
-3503.52 14636.8 5284.22 -16618.5 -3119.84 1466.83 | 0.527959
-2413.37 5284.22 22288.6 -6475.08 -3864.76 937.118 | -4.5563
2182.72 -16618.5 -6475.08 23656.7 2291.83 -3071.71 | -3.02692
15774.7 -3119.84 -3864.76 2291.84 26361.4 1958.73 | -6.24229
1145.19 1466.83 937.118 -3071.71 1958.73 3491.06 | 1.57807
Calculated solution vector :
0.00162477
-0.0108154
-0.0144432
0.00755549
 0.0479929
 -0.031143
Global correspondence error is : 7.9831
Per pixel avg error is : 0.000147928
Updated Eigen transform :
   0.998364    0.031307   0.0478487  0.00110894
 -0.0309445    0.999487 -0.00829841  -0.0107806
 -0.0480839  0.00680419     0.99882  -0.0145147
          0           0           0           1

Pyramid level : 0

Pyramid resolutions : 640x480
Updated correspondence threshold : 0.025

Iteration : 0
Number of correspondence pairs : 212466

Filled matrix system JTJ | JTr :
47848 -14074.2 -9701.16 8806.71 62578.3 4538.93 | -50.5563
-14074.2 58234.9 20911.8 -66035.8 -12543.9 5754.35 | -32.0937
-9701.16 20911.8 86788.2 -24895.9 -14571.8 3737.25 | 93.6137
8806.71 -66035.8 -24895.9 93452.6 8827.49 -12125.2 | -9.86938
62578.4 -12543.9 -14571.8 8827.49 103866 7772.84 | -120.465
4538.93 5754.35 3737.25 -12125.2 7772.84 13834.4 | -1.71292
Calculated solution vector :
 0.00111603
-0.00649235
 -0.0156118
  0.0103239
  0.0495716
 -0.0307036
Global correspondence error is : -86.9036
Per pixel avg error is : -0.000409023
Updated Eigen transform :
     0.9983   0.0309415   0.0493842 0.000629192
 -0.0304299    0.999476  -0.0110786 -0.00642372
  -0.049701  0.00955704    0.998718  -0.0156647
          0           0           0           1

Iteration : 1
Number of correspondence pairs : 212198

Filled matrix system JTJ | JTr :
47623.6 -14073.5 -9722.2 8822.49 62213.2 4437.77 | -55.2813
-14073.5 58087.4 20871.5 -65709.8 -12559.9 5725.76 | 0.992307
-9722.2 20871.5 86430 -24569.3 -14490.6 3737.42 | -31.9801
8822.49 -65709.8 -24569.3 92684.8 8825.53 -12004.5 | -8.91308
62213.3 -12559.9 -14490.6 8825.53 103097 7596.03 | -106.471
4437.77 5725.76 3737.42 -12004.5 7596.03 13755.5 | -2.85903
Calculated solution vector :
0.000446591
-0.00587831
 -0.0150503
  0.0108609
  0.0511302
 -0.0310775
Global correspondence error is : 70.0316
Per pixel avg error is : 0.00033003
Updated Eigen transform :
    0.99821   0.0313359     0.05093 -2.9329e-05
 -0.0307807    0.999458  -0.0116485 -0.00579845
 -0.0512674     0.01006    0.998634  -0.0150852
          0           0           0           1

Iteration : 2
Number of correspondence pairs : 212301

Filled matrix system JTJ | JTr :
47534.9 -14074 -9686.7 8839.9 62041.5 4452.8 | -44.7918
-14074 57998.5 20796.3 -65579.9 -12561.7 5717.52 | 6.31281
-9686.7 20796.3 86491.6 -24637.5 -14574.6 3721.75 | -24.5714
8839.9 -65579.9 -24637.5 92551.2 8912.2 -11974 | -9.25017
62041.5 -12561.6 -14574.6 8912.2 102757 7631.56 | -80.1483
4452.8 5717.52 3721.75 -11974 7631.56 13718.6 | -1.65674
Calculated solution vector :
 0.00013387
-0.00570968
 -0.0145923
  0.0110765
  0.0521815
   -0.03145
Global correspondence error is : 51.8928
Per pixel avg error is : 0.00024443
Updated Eigen transform :
    0.998145    0.0317188    0.0519741 -0.000336274
   -0.031141     0.999444   -0.0118897  -0.00562593
  -0.0523223    0.0102491     0.998578   -0.0146189
           0            0            0            1

Iteration : 3
Number of correspondence pairs : 212448

Filled matrix system JTJ | JTr :
47424.5 -14079.9 -9729.72 8866.13 61912.7 4406.73 | -33.4482
-14079.9 57820.4 20787.2 -65316.9 -12606.3 5666.05 | -2.52562
-9729.72 20787.2 86711.1 -24754.6 -14807.7 3740.14 | -6.12113
8866.13 -65316.9 -24754.6 92180 9077.59 -11867.4 | -5.27966
61912.7 -12606.3 -14807.7 9077.59 102664 7560.75 | -55.2126
4406.73 5666.05 3740.14 -11867.4 7560.75 13651.4 | 0.566256
Calculated solution vector :
0.000509967
-0.00477921
 -0.0144327
  0.0117169
  0.0525855
 -0.0316923
Global correspondence error is : 25.8621
Per pixel avg error is : 0.000121734
Updated Eigen transform :
   0.998116   0.0319797   0.0523656  5.4989e-05
 -0.0313637    0.999429  -0.0125423 -0.00469779
 -0.0527368   0.0108762    0.998549  -0.0144659
          0           0           0           1
